% output_10_7
W =

   0.116573700765463
   0.295857735126161


cost =

   1.042281571564902

% output_10_f7
W =

   0.254232073618409
   0.289206190751554
  -0.000633472123790
   0.000018960275785
   0.008956957040519
  -0.019245627029181
   0.002814318547785
  -0.003671158221363


cost =

   1.068767118660750

% output_1_f7
W =

   0.265684170044510
   0.146640551932500
   0.276776593559043
   0.005822501813842
   0.054402857039173
  -0.077316040704755
  -0.130316631035399
  -0.054518497635193


cost =

   0.893537414431697
% output_1_7
W =

   0.278845077327763
   0.232868568031456


cost =

   0.771916190865310